1.386111e+01 0.2617
2.515222e+01 0.1691
4.390722e+01 0.3728
4.390778e+01 0.1502
4.390889e+01 0.6156
4.390944e+01 0.4023
5.852556e+01 0.1890
5.852889e+01 0.1782
5.852944e+01 0.1969
5.853000e+01 0.2144
5.853056e+01 0.1868
5.853111e+01 0.2034
5.853167e+01 0.1694
5.853222e+01 0.2214
5.853278e+01 0.2371
5.853333e+01 0.1762
5.853389e+01 0.1653
5.853444e+01 0.1788
5.853500e+01 0.1880
5.853556e+01 0.2156
5.853611e+01 0.1821
5.853778e+01 0.1821
5.853833e+01 0.1616
5.856722e+01 0.1816
5.856778e+01 0.1698
5.856833e+01 0.2157
5.856889e+01 0.2123
5.856944e+01 0.1822
5.857000e+01 0.1945
5.857056e+01 0.1853
5.857111e+01 0.1870
6.248389e+01 0.1615
6.248667e+01 0.1554
6.248722e+01 0.2497
6.250056e+01 0.2135
6.250222e+01 0.1508
6.250333e+01 0.1649
6.250389e+01 0.2146
6.345556e+01 0.1671
