4.390889e+01 0.2253
5.543611e+01 0.1546
5.543833e+01 0.1806
5.544389e+01 0.1727
5.544500e+01 0.2105
5.544556e+01 0.3243
5.544611e+01 0.2829
5.784722e+01 0.1765
5.785167e+01 0.1538
6.144944e+01 0.2169
6.145111e+01 0.1536
6.145167e+01 0.1523
6.145278e+01 0.1814
6.145333e+01 0.1898
6.145500e+01 0.2786
6.145722e+01 0.2206
6.145833e+01 0.1693
6.145889e+01 0.1776
6.146056e+01 0.2757
6.146222e+01 0.2153
6.146278e+01 0.2512
6.146389e+01 0.2029
6.146444e+01 0.1963
6.146611e+01 0.3128
6.146778e+01 0.1831
6.146833e+01 0.1705
6.147167e+01 0.1782
6.224389e+01 0.1627
6.242000e+01 0.1910
6.242056e+01 0.2014
6.243000e+01 0.2222
6.243056e+01 0.1520
6.243111e+01 0.1566
6.243278e+01 0.1859
6.243333e+01 0.2081
6.243722e+01 0.1504
6.243833e+01 0.1519
6.244444e+01 0.1555
6.245333e+01 0.2241
6.245389e+01 0.3099
6.245444e+01 0.1571
6.246889e+01 0.1923
6.246944e+01 0.1600
6.247000e+01 0.2012
6.247056e+01 0.2255
6.247389e+01 0.2006
6.247444e+01 0.1519
6.247778e+01 0.3108
6.248000e+01 0.4098
6.248056e+01 0.3967
6.248111e+01 0.2558
6.248222e+01 0.2378
6.248333e+01 0.1988
6.248389e+01 0.3562
6.248444e+01 0.2335
6.248500e+01 0.2727
6.248556e+01 0.4361
6.248611e+01 0.4738
6.248667e+01 0.4482
6.248722e+01 0.5543
6.248778e+01 0.3219
6.248889e+01 0.2154
6.249444e+01 0.1573
6.249611e+01 0.3426
6.249667e+01 0.3216
6.249722e+01 0.2271
6.249778e+01 0.2072
6.249944e+01 0.1644
6.250000e+01 0.3843
6.250056e+01 0.4292
6.250222e+01 0.3090
6.250278e+01 0.2202
6.250333e+01 0.3969
6.250389e+01 0.4280
6.250444e+01 0.1930
6.250667e+01 0.2719
6.250722e+01 0.2149
6.250944e+01 0.1988
6.251000e+01 0.2032
6.251111e+01 0.3979
6.251167e+01 0.2772
6.251278e+01 0.1876
6.251333e+01 0.4376
6.251389e+01 0.4416
6.251444e+01 0.3039
6.251556e+01 0.1870
6.251611e+01 0.1779
6.251667e+01 0.2275
6.251722e+01 0.3796
6.251778e+01 0.2446
6.251889e+01 0.3040
6.251944e+01 0.3670
6.252000e+01 0.4595
6.252056e+01 0.4859
6.252111e+01 0.2581
6.253556e+01 0.1653
6.253611e+01 0.1576
6.253667e+01 0.2309
6.253722e+01 0.2652
6.254722e+01 0.1759
6.255222e+01 0.1750
6.255389e+01 0.1639
6.257056e+01 0.2107
6.337556e+01 0.1512
6.338444e+01 0.1585
6.338722e+01 0.1841
6.338778e+01 0.2118
6.338833e+01 0.2289
6.338889e+01 0.1782
6.343500e+01 0.1918
6.343667e+01 0.2653
6.343722e+01 0.2026
6.343778e+01 0.1566
6.343833e+01 0.3344
6.343889e+01 0.2435
6.344611e+01 0.2278
6.345278e+01 0.2659
6.345333e+01 0.3833
6.345389e+01 0.1604
6.345500e+01 0.2109
6.345556e+01 0.2872
6.345722e+01 0.2102
6.345778e+01 0.1627
6.346111e+01 0.2138
6.346222e+01 0.2543
6.346278e+01 0.2678
6.346778e+01 0.1523
6.346833e+01 0.2385
6.347000e+01 0.2372
6.347167e+01 0.2589
6.347222e+01 0.2168
7.503778e+01 0.1514
7.504889e+01 0.1907
