1.385889e+01 0.2108
1.385944e+01 0.1979
1.386056e+01 0.2194
1.386111e+01 0.3865
1.386167e+01 0.2622
1.919389e+01 0.2829
1.919444e+01 0.2056
1.919556e+01 0.3064
1.919611e+01 0.2147
1.919778e+01 0.3854
1.919833e+01 0.2597
1.920056e+01 0.2169
1.920444e+01 0.2832
1.920722e+01 0.1730
1.920778e+01 0.2123
1.920833e+01 0.2312
1.920889e+01 0.1605
1.920944e+01 0.1601
1.928778e+01 0.1588
1.928833e+01 0.1998
1.928889e+01 0.1843
1.928944e+01 0.2475
1.929000e+01 0.1568
1.929111e+01 0.2147
1.929167e+01 0.2023
2.315889e+01 0.3091
2.398778e+01 0.1594
2.515222e+01 0.1517
2.515500e+01 0.1576
3.112278e+01 0.1546
3.427389e+01 0.1843
3.427444e+01 0.2547
4.252611e+01 0.1897
4.252889e+01 0.2229
4.252944e+01 0.1642
4.253444e+01 0.2720
4.253500e+01 0.1828
4.253833e+01 0.1605
4.254500e+01 0.1901
4.254778e+01 0.1605
4.254833e+01 0.1898
4.254944e+01 0.1665
4.255000e+01 0.1680
4.255611e+01 0.2853
4.255667e+01 0.2377
4.255722e+01 0.1838
4.255778e+01 0.2112
4.255944e+01 0.1669
4.256333e+01 0.2798
4.256389e+01 0.1986
4.258833e+01 0.1585
4.258944e+01 0.1819
4.259000e+01 0.2923
4.259056e+01 0.2426
4.260222e+01 0.1651
4.260278e+01 0.1574
4.260333e+01 0.1649
4.260556e+01 0.1607
4.260611e+01 0.1934
4.260667e+01 0.1634
4.260833e+01 0.2561
4.260889e+01 0.1737
4.261000e+01 0.2602
4.261056e+01 0.2614
4.261111e+01 0.1755
4.262222e+01 0.2549
4.262278e+01 0.1566
4.390722e+01 0.5193
4.390889e+01 0.5921
4.390944e+01 0.4840
4.391167e+01 0.2033
6.248389e+01 0.2087
6.248556e+01 0.2486
6.248611e+01 0.1766
6.248667e+01 0.2196
6.248722e+01 0.3004
6.250056e+01 0.1721
6.250333e+01 0.1808
6.250389e+01 0.2133
6.854833e+01 0.2221
7.504944e+01 0.1744
7.506389e+01 0.1618
7.572833e+01 0.1679
7.573056e+01 0.1801
7.573111e+01 0.1852
7.573167e+01 0.1562
7.573389e+01 0.1633
7.573444e+01 0.1717
7.776944e+01 0.2316
7.777000e+01 0.2041
7.777056e+01 0.1973
7.777111e+01 0.1940
7.777167e+01 0.2139
7.777222e+01 0.1684
7.777278e+01 0.1886
7.777333e+01 0.2285
7.777389e+01 0.2504
7.777444e+01 0.1736
7.777500e+01 0.2133
7.777556e+01 0.2197
7.777611e+01 0.2433
7.777667e+01 0.2141
7.777833e+01 0.2200
7.778722e+01 0.1964
7.778778e+01 0.1542
7.778833e+01 0.2024
7.778889e+01 0.1778
7.779444e+01 0.1753
7.779500e+01 0.2167
7.779556e+01 0.2074
7.779611e+01 0.2337
7.779667e+01 0.1885
8.343000e+01 0.1842
8.781444e+01 0.2302
8.781611e+01 0.2304
8.781667e+01 0.1964
8.781778e+01 0.2270
8.782000e+01 0.1507
8.782056e+01 0.1645
