1.424444e+00 0.1669
1.450000e+00 0.1987
1.550556e+00 0.1734
3.998889e+00 0.1965
5.725556e+00 0.1575
1.005111e+01 0.1658
1.008222e+01 0.1613
1.008611e+01 0.1955
1.008778e+01 0.1703
1.014778e+01 0.1581
1.014833e+01 0.1565
1.017889e+01 0.1659
1.018278e+01 0.1673
1.018444e+01 0.1613
1.021278e+01 0.1541
1.024056e+01 0.1639
1.024111e+01 0.1503
1.024278e+01 0.1517
1.033222e+01 0.1536
1.046611e+01 0.1526
1.068444e+01 0.1834
1.071611e+01 0.1622
1.080889e+01 0.1779
1.080944e+01 0.1838
1.083611e+01 0.1543
1.083944e+01 0.1760
1.084000e+01 0.1646
1.086722e+01 0.1890
1.086944e+01 0.1651
1.087111e+01 0.1837
1.087167e+01 0.1826
1.090444e+01 0.1649
1.090500e+01 0.1684
1.096833e+01 0.1563
1.102611e+01 0.1842
1.102778e+01 0.1643
1.102833e+01 0.1691
1.102889e+01 0.1614
1.108889e+01 0.1610
1.115056e+01 0.1575
1.115167e+01 0.1716
1.115333e+01 0.1682
1.121222e+01 0.1670
1.121278e+01 0.1949
1.121333e+01 0.1634
1.121444e+01 0.1769
1.121500e+01 0.1913
1.121556e+01 0.1563
1.121667e+01 0.1924
1.124889e+01 0.1584
1.124944e+01 0.1726
1.133667e+01 0.1570
1.133722e+01 0.1582
1.133889e+01 0.1721
1.134111e+01 0.1736
1.137222e+01 0.1932
1.140222e+01 0.1811
1.140500e+01 0.1551
1.143389e+01 0.1604
1.143444e+01 0.1752
1.143500e+01 0.1785
1.149944e+01 0.1501
1.161889e+01 0.1629
1.161944e+01 0.1863
1.162000e+01 0.1859
1.162056e+01 0.1913
1.162111e+01 0.1773
1.171667e+01 0.1624
1.184500e+01 0.1579
1.187611e+01 0.1741
1.187722e+01 0.1696
1.193667e+01 0.1664
1.200222e+01 0.1519
1.202833e+01 0.1716
1.202889e+01 0.1894
1.205889e+01 0.1619
1.215444e+01 0.1831
1.215611e+01 0.1563
1.215722e+01 0.1965
1.215778e+01 0.1667
1.221667e+01 0.1638
1.222056e+01 0.1602
1.222111e+01 0.1558
1.222222e+01 0.1659
1.228056e+01 0.1649
1.228111e+01 0.1802
1.240667e+01 0.1541
1.240833e+01 0.1619
1.240889e+01 0.1876
1.243778e+01 0.1566
1.243944e+01 0.1942
1.244000e+01 0.1903
1.244056e+01 0.1811
1.244333e+01 0.1540
1.244389e+01 0.1583
1.246611e+01 0.1680
1.246722e+01 0.1506
1.247167e+01 0.1753
1.250222e+01 0.1829
1.259833e+01 0.1668
1.262444e+01 0.1611
1.262889e+01 0.1530
1.275222e+01 0.1640
1.275278e+01 0.1632
1.275389e+01 0.1578
1.275444e+01 0.1872
1.277944e+01 0.1521
1.284222e+01 0.1525
1.284278e+01 0.1507
1.284833e+01 0.1509
1.287889e+01 0.1508
1.288167e+01 0.1644
1.290556e+01 0.1566
1.291000e+01 0.1643
1.296722e+01 0.1610
1.296778e+01 0.1632
1.310278e+01 0.1518
1.312778e+01 0.1768
1.312833e+01 0.1762
1.312944e+01 0.1754
1.313000e+01 0.1623
1.313167e+01 0.1738
1.319278e+01 0.1606
1.322167e+01 0.1658
1.328278e+01 0.1715
1.328722e+01 0.1721
1.334667e+01 0.1579
1.340778e+01 0.1748
1.340944e+01 0.1553
1.341000e+01 0.1900
1.347389e+01 0.1816
1.350611e+01 0.1706
1.350722e+01 0.1724
1.350778e+01 0.1705
1.350833e+01 0.1759
1.353778e+01 0.1515
1.354167e+01 0.1605
1.354222e+01 0.1565
1.356500e+01 0.1768
1.356556e+01 0.1545
1.356667e+01 0.1734
1.356722e+01 0.1790
1.359556e+01 0.1697
1.359667e+01 0.1738
1.359722e+01 0.1645
1.359944e+01 0.1627
1.360000e+01 0.1760
1.360056e+01 0.1835
1.360111e+01 0.1749
1.362722e+01 0.1643
1.365889e+01 0.1526
1.375500e+01 0.1568
1.378556e+01 0.1614
1.381778e+01 0.1808
1.382000e+01 0.1761
1.382056e+01 0.1607
1.382111e+01 0.1625
1.385056e+01 0.1837
1.387833e+01 0.1690
1.387889e+01 0.1532
1.387944e+01 0.1686
1.388111e+01 0.1742
1.388500e+01 0.1702
1.388667e+01 0.1647
1.391111e+01 0.1910
1.394167e+01 0.1849
1.394389e+01 0.1989
1.394444e+01 0.1528
1.394556e+01 0.1916
1.394722e+01 0.1877
1.394889e+01 0.1573
1.404278e+01 0.1566
1.407000e+01 0.1613
1.407167e+01 0.1796
1.410611e+01 0.1729
1.413278e+01 0.1823
1.413333e+01 0.1701
1.416111e+01 0.1700
1.416556e+01 0.1521
1.416611e+01 0.1690
1.419333e+01 0.1543
1.419611e+01 0.1726
1.419667e+01 0.1816
1.419722e+01 0.1728
1.419778e+01 0.1781
1.419833e+01 0.1756
1.419889e+01 0.1598
1.420000e+01 0.1604
1.428833e+01 0.1888
1.435111e+01 0.1673
1.435167e+01 0.1744
1.441667e+01 0.1671
1.441722e+01 0.1801
1.442000e+01 0.1613
1.453556e+01 0.1595
1.453611e+01 0.1628
1.453667e+01 0.1596
1.453833e+01 0.1908
1.453889e+01 0.1809
1.457500e+01 0.1611
1.460278e+01 0.1562
1.463389e+01 0.1800
1.463444e+01 0.1909
1.469778e+01 0.1660
1.472611e+01 0.1654
1.472667e+01 0.1907
1.472722e+01 0.1787
1.472778e+01 0.1751
1.472833e+01 0.1867
1.473000e+01 0.1589
1.473056e+01 0.1648
1.473167e+01 0.1503
1.475889e+01 0.1536
1.475944e+01 0.1611
1.476000e+01 0.1660
1.476056e+01 0.1771
1.476111e+01 0.1556
1.479056e+01 0.1866
1.479222e+01 0.1739
1.485278e+01 0.1706
1.485333e+01 0.1659
1.485556e+01 0.1521
1.494500e+01 0.1648
1.494556e+01 0.1525
1.494722e+01 0.1731
1.495000e+01 0.1550
1.495167e+01 0.1585
1.498167e+01 0.1827
1.500778e+01 0.1521
1.504333e+01 0.1858
1.504444e+01 0.1638
1.504500e+01 0.1925
1.507333e+01 0.1543
1.507389e+01 0.1776
1.510389e+01 0.1837
1.510556e+01 0.1779
1.513389e+01 0.1721
1.514000e+01 0.1537
1.514111e+01 0.1531
1.520111e+01 0.1611
1.520222e+01 0.1547
1.523000e+01 0.1551
1.523167e+01 0.1519
1.525833e+01 0.1652
1.529333e+01 0.1706
1.529389e+01 0.1602
1.529444e+01 0.1979
1.529500e+01 0.1540
1.529611e+01 0.1665
1.529667e+01 0.1638
1.539056e+01 0.1534
1.547722e+01 0.1636
1.551667e+01 0.1524
1.554444e+01 0.1637
1.554944e+01 0.1558
1.560833e+01 0.1729
1.563833e+01 0.1700
1.563889e+01 0.1961
1.564111e+01 0.1610
1.569833e+01 0.1690
1.573000e+01 0.1571
1.573056e+01 0.1594
1.573111e+01 0.1511
1.576389e+01 0.1512
1.576556e+01 0.1698
1.579611e+01 0.1506
1.583056e+01 0.1525
1.588667e+01 0.1651
1.588722e+01 0.1809
1.588778e+01 0.1853
1.588833e+01 0.1905
1.588889e+01 0.1592
1.589056e+01 0.1723
1.589111e+01 0.1879
1.589167e+01 0.1687
1.589222e+01 0.1763
1.589278e+01 0.1769
1.589333e+01 0.1644
1.601389e+01 0.1520
1.601611e+01 0.1898
1.601667e+01 0.1539
1.601778e+01 0.1668
1.602000e+01 0.1542
1.604389e+01 0.1728
1.610722e+01 0.1563
1.611278e+01 0.1636
1.611333e+01 0.1589
1.613667e+01 0.1586
1.613833e+01 0.1695
1.617500e+01 0.1608
1.617611e+01 0.1688
1.620000e+01 0.1514
1.629611e+01 0.1803
1.630000e+01 0.1692
1.632778e+01 0.1548
1.633000e+01 0.1837
1.633056e+01 0.1771
1.633111e+01 0.1655
1.633167e+01 0.1778
1.635500e+01 0.1595
1.635722e+01 0.1581
1.635778e+01 0.1614
1.635833e+01 0.1516
1.636278e+01 0.1775
1.636333e+01 0.1733
1.636389e+01 0.1637
1.645444e+01 0.1593
1.645556e+01 0.1586
1.648444e+01 0.1585
1.648500e+01 0.1637
1.648556e+01 0.1648
1.648778e+01 0.1527
1.654556e+01 0.1683
1.654722e+01 0.1550
1.657500e+01 0.1532
1.657722e+01 0.1527
1.661111e+01 0.1532
1.661389e+01 0.1793
1.663889e+01 0.1577
1.670389e+01 0.1785
1.670444e+01 0.1701
1.680333e+01 0.1672
1.680389e+01 0.1508
1.689333e+01 0.1554
1.689444e+01 0.1700
1.692444e+01 0.1657
1.692500e+01 0.1515
1.701667e+01 0.1657
1.711389e+01 0.1573
1.711667e+01 0.1695
1.720944e+01 0.1591
1.723833e+01 0.1823
1.726722e+01 0.1585
1.727444e+01 0.1598
1.733000e+01 0.1693
1.748722e+01 0.1542
1.748778e+01 0.1863
1.749389e+01 0.1572
1.751611e+01 0.1559
1.751944e+01 0.1658
1.755167e+01 0.1812
1.755333e+01 0.1920
1.755444e+01 0.1858
1.764333e+01 0.1819
1.764389e+01 0.1714
1.764444e+01 0.1875
1.764500e+01 0.1931
1.764556e+01 0.1863
1.764611e+01 0.1659
1.764667e+01 0.1853
1.764722e+01 0.1754
1.764889e+01 0.1778
1.768000e+01 0.1666
1.768056e+01 0.1566
1.768111e+01 0.1513
1.770556e+01 0.1600
1.773611e+01 0.1702
1.774056e+01 0.1791
1.786389e+01 0.1553
1.786722e+01 0.1632
1.786778e+01 0.1640
1.786889e+01 0.1603
1.789389e+01 0.1612
1.789611e+01 0.1650
1.789667e+01 0.1703
1.789889e+01 0.2030
1.792500e+01 0.1807
1.792667e+01 0.1831
1.792944e+01 0.1569
1.793278e+01 0.1608
1.799111e+01 0.1532
1.799167e+01 0.1718
1.799222e+01 0.1999
1.799278e+01 0.1551
1.802389e+01 0.1787
1.805056e+01 0.1596
1.805111e+01 0.1737
1.805278e+01 0.1635
1.805333e+01 0.1820
1.805389e+01 0.1919
1.805444e+01 0.1955
1.805500e+01 0.1999
1.805556e+01 0.1662
1.811611e+01 0.1713
1.811833e+01 0.1975
1.811889e+01 0.1797
1.827111e+01 0.1695
1.827167e+01 0.1807
1.827389e+01 0.1607
1.827667e+01 0.1766
1.834056e+01 0.1691
1.839778e+01 0.1743
1.849056e+01 0.1591
1.849111e+01 0.1838
1.849167e+01 0.1906
1.849222e+01 0.1790
1.849278e+01 0.1726
1.849333e+01 0.1636
1.851944e+01 0.1626
1.852000e+01 0.1549
1.852056e+01 0.1723
1.852222e+01 0.1673
1.852278e+01 0.1828
1.852333e+01 0.1757
1.852389e+01 0.1725
1.852444e+01 0.1616
1.852611e+01 0.1735
1.852667e+01 0.1899
1.852722e+01 0.1767
1.858833e+01 0.1647
1.858889e+01 0.1527
1.862000e+01 0.1775
1.862056e+01 0.1749
1.868111e+01 0.1569
1.868167e+01 0.1860
1.868222e+01 0.2012
1.868278e+01 0.1595
1.868389e+01 0.1777
1.868444e+01 0.1690
1.868500e+01 0.1534
1.871056e+01 0.1597
1.874833e+01 0.1505
1.877611e+01 0.1635
1.880500e+01 0.1628
1.880722e+01 0.1690
1.893000e+01 0.1745
1.893056e+01 0.1541
1.908667e+01 0.1664
1.912111e+01 0.1563
1.921333e+01 0.1600
1.956500e+01 0.1501
1.959056e+01 0.1520
1.959111e+01 0.1693
1.959333e+01 0.1654
1.962333e+01 0.1590
1.968556e+01 0.1840
1.971889e+01 0.1526
1.975000e+01 0.1563
1.983778e+01 0.1568
1.984056e+01 0.1742
1.984111e+01 0.1756
1.984167e+01 0.1595
1.987778e+01 0.1549
1.990111e+01 0.1563
1.990222e+01 0.1738
1.990444e+01 0.1710
1.990833e+01 0.1634
1.993722e+01 0.1970
1.993778e+01 0.1888
1.996500e+01 0.1646
1.996611e+01 0.1606
1.996667e+01 0.1626
1.996833e+01 0.1884
1.996944e+01 0.1561
1.999667e+01 0.1744
1.999722e+01 0.1558
1.999944e+01 0.1911
2.000111e+01 0.1947
2.002889e+01 0.1644
2.002944e+01 0.1990
2.003000e+01 0.1862
2.003056e+01 0.1862
2.003111e+01 0.1855
2.003500e+01 0.1537
2.016111e+01 0.1584
2.021500e+01 0.1508
2.021778e+01 0.1582
2.021944e+01 0.1760
2.031778e+01 0.1535
2.034278e+01 0.1567
2.043611e+01 0.1548
2.043667e+01 0.1544
2.050556e+01 0.1575
2.055944e+01 0.1646
2.056056e+01 0.1602
2.056222e+01 0.1964
2.056944e+01 0.1559
2.065889e+01 0.1501
2.072333e+01 0.1589
2.075389e+01 0.1566
2.084389e+01 0.1682
2.084444e+01 0.1666
2.084833e+01 0.1623
2.084889e+01 0.1763
2.084944e+01 0.1599
2.087500e+01 0.1647
2.094167e+01 0.1593
2.097556e+01 0.1608
2.103556e+01 0.1750
2.106722e+01 0.1505
2.109500e+01 0.1744
2.109944e+01 0.1619
2.115778e+01 0.1773
2.115833e+01 0.1803
2.116111e+01 0.1641
2.116167e+01 0.1868
2.118944e+01 0.1765
2.122389e+01 0.1622
2.128500e+01 0.1688
2.128556e+01 0.1775
2.131222e+01 0.1605
2.131278e+01 0.1569
2.131333e+01 0.1716
2.131389e+01 0.1763
2.131444e+01 0.1810
2.131500e+01 0.1674
2.131556e+01 0.1691
2.137833e+01 0.1650
2.137889e+01 0.1534
2.141278e+01 0.1870
2.143944e+01 0.1596
2.144222e+01 0.1821
2.144278e+01 0.1622
2.144333e+01 0.1854
2.144389e+01 0.1677
2.144611e+01 0.1501
2.144667e+01 0.1630
2.150833e+01 0.1596
2.156333e+01 0.1563
2.156556e+01 0.1593
2.166111e+01 0.1662
2.166167e+01 0.1594
2.169833e+01 0.1508
2.172444e+01 0.1581
2.172556e+01 0.1626
2.172667e+01 0.1700
2.172722e+01 0.1892
2.172778e+01 0.1834
2.172944e+01 0.1552
2.173000e+01 0.1540
2.175167e+01 0.1533
2.175222e+01 0.1692
2.175278e+01 0.1728
2.175944e+01 0.1596
2.176000e+01 0.1811
2.176056e+01 0.1655
2.184778e+01 0.1589
2.188167e+01 0.1785
2.194278e+01 0.1727
2.194389e+01 0.1619
2.194444e+01 0.1708
2.194500e+01 0.1940
2.194667e+01 0.1551
2.194722e+01 0.1676
2.200444e+01 0.1656
2.200833e+01 0.1552
2.201111e+01 0.1704
2.206833e+01 0.1880
2.213444e+01 0.1959
2.216111e+01 0.1523
2.216333e+01 0.1663
2.216389e+01 0.1572
2.216444e+01 0.1549
2.216500e+01 0.1623
2.216556e+01 0.1568
2.216611e+01 0.1762
2.222222e+01 0.1522
2.222889e+01 0.1651
2.231722e+01 0.1838
2.231778e+01 0.1602
2.235000e+01 0.1645
2.235222e+01 0.1630
2.238500e+01 0.1597
2.238611e+01 0.1849
2.238667e+01 0.1604
2.244889e+01 0.1582
2.250611e+01 0.1738
2.250667e+01 0.1613
2.250722e+01 0.1600
2.250778e+01 0.1880
2.253667e+01 0.1707
2.253722e+01 0.1740
2.253778e+01 0.1651
2.254056e+01 0.1794
2.254222e+01 0.1548
2.254278e+01 0.1742
2.254333e+01 0.1799
2.254389e+01 0.1728
2.257333e+01 0.1550
2.263222e+01 0.1549
2.263889e+01 0.1576
2.266500e+01 0.1817
2.266556e+01 0.1519
2.266667e+01 0.1849
2.266833e+01 0.1723
2.275833e+01 0.1752
2.276389e+01 0.1633
2.276444e+01 0.1612
2.278944e+01 0.1593
2.279000e+01 0.1976
2.279111e+01 0.1736
2.279444e+01 0.1848
2.281889e+01 0.1621
2.282333e+01 0.1721
2.282500e+01 0.1734
2.285278e+01 0.1573
2.285333e+01 0.1827
2.285500e+01 0.1756
2.285556e+01 0.1556
2.285611e+01 0.1523
2.285667e+01 0.1685
2.285722e+01 0.1750
2.288889e+01 0.1576
2.291222e+01 0.1506
2.297778e+01 0.1536
2.301111e+01 0.1530
2.304056e+01 0.1698
2.304111e+01 0.1907
2.304167e+01 0.1890
2.304222e+01 0.1577
2.304278e+01 0.1657
2.304333e+01 0.1732
2.304444e+01 0.1691
2.307222e+01 0.1760
2.307278e+01 0.1914
2.307333e+01 0.1841
2.310611e+01 0.1770
2.310778e+01 0.1676
2.313556e+01 0.1788
2.313667e+01 0.1723
2.314000e+01 0.1686
2.319778e+01 0.1596
2.326222e+01 0.1567
2.326722e+01 0.1547
2.329222e+01 0.1800
2.329444e+01 0.1505
2.329722e+01 0.1651
2.335667e+01 0.1690
2.335944e+01 0.1720
2.339056e+01 0.1598
2.341389e+01 0.1556
2.341444e+01 0.1577
2.345167e+01 0.1558
2.348000e+01 0.1823
2.357333e+01 0.1879
2.357611e+01 0.1577
2.363722e+01 0.1625
2.363778e+01 0.1731
2.363833e+01 0.1611
2.367111e+01 0.1737
2.379111e+01 0.1593
2.379833e+01 0.1629
2.382611e+01 0.1785
2.388611e+01 0.1505
2.388667e+01 0.1608
2.388722e+01 0.1667
2.388944e+01 0.1732
2.389000e+01 0.1680
2.392056e+01 0.1604
2.392333e+01 0.1641
2.401111e+01 0.1715
2.401167e+01 0.1880
2.401222e+01 0.1789
2.401500e+01 0.1723
2.401889e+01 0.1672
2.420000e+01 0.1676
2.420056e+01 0.1670
2.420111e+01 0.1719
2.420167e+01 0.1503
2.429500e+01 0.1620
2.429667e+01 0.1564
2.429833e+01 0.1747
2.433111e+01 0.1562
2.435944e+01 0.1527
2.439278e+01 0.1962
2.439333e+01 0.1940
2.452167e+01 0.1511
2.455000e+01 0.1571
2.473611e+01 0.1816
2.479667e+01 0.1672
2.479833e+01 0.1691
2.479889e+01 0.1644
2.479944e+01 0.1939
2.480000e+01 0.1633
2.480167e+01 0.1667
2.482611e+01 0.1536
2.483278e+01 0.1601
2.489389e+01 0.1675
2.489444e+01 0.1539
2.489500e+01 0.1579
2.492500e+01 0.1841
2.501722e+01 0.1575
2.504944e+01 0.1562
2.505111e+01 0.1747
2.511056e+01 0.1684
2.511444e+01 0.1780
2.517222e+01 0.1729
2.517556e+01 0.1954
2.517611e+01 0.1793
2.517667e+01 0.1755
2.517722e+01 0.1789
2.517778e+01 0.1878
2.533278e+01 0.1684
2.533333e+01 0.1879
2.539111e+01 0.1503
2.542333e+01 0.1533
2.542722e+01 0.1579
2.545778e+01 0.1747
2.545889e+01 0.1552
2.548667e+01 0.1520
2.548722e+01 0.1689
2.549000e+01 0.1785
2.549056e+01 0.1727
2.555500e+01 0.1522
2.555722e+01 0.1646
2.564722e+01 0.1676
2.565000e+01 0.1742
2.565056e+01 0.1623
2.586389e+01 0.1841
2.586556e+01 0.1646
2.589500e+01 0.1730
2.590222e+01 0.1594
2.592722e+01 0.1555
2.599000e+01 0.1555
2.599056e+01 0.1992
2.614889e+01 0.1680
2.630667e+01 0.1751
2.630722e+01 0.1592
2.630778e+01 0.1724
2.661778e+01 0.1819
2.674111e+01 0.1680
2.674722e+01 0.1630
2.674778e+01 0.1669
2.674833e+01 0.1663
2.683611e+01 0.1646
2.683667e+01 0.1817
2.683889e+01 0.1566
2.689889e+01 0.1701
2.699722e+01 0.1604
2.746722e+01 0.1526
2.753333e+01 0.1602
2.761944e+01 0.1535
2.775000e+01 0.1517
2.787278e+01 0.1503
2.787333e+01 0.1596
2.790556e+01 0.1882
2.790889e+01 0.1678
2.809444e+01 0.1886
2.812222e+01 0.1724
2.827889e+01 0.1528
2.850000e+01 0.1839
2.850056e+01 0.1856
2.897111e+01 0.1574
2.918833e+01 0.1850
2.950167e+01 0.1789
3.007333e+01 0.1567
3.009944e+01 0.1514
3.013222e+01 0.1963
3.069444e+01 0.1727
3.132333e+01 0.1715
3.132444e+01 0.1590
3.132500e+01 0.1622
3.210778e+01 0.1611
3.238611e+01 0.1572
3.357889e+01 0.1532
3.377056e+01 0.1666
3.399111e+01 0.1504
3.424500e+01 0.1759
3.427667e+01 0.1523
3.474222e+01 0.1733
3.530889e+01 0.1630
3.631500e+01 0.1764
3.675000e+01 0.1667
3.718556e+01 0.1526
3.803889e+01 0.1911
3.810389e+01 0.1770
3.828944e+01 0.1538
3.853944e+01 0.1578
3.854056e+01 0.1536
3.857333e+01 0.1688
3.885056e+01 0.1638
3.935833e+01 0.1526
3.954500e+01 0.1618
3.976500e+01 0.1541
3.997944e+01 0.1553
4.011167e+01 0.1630
4.017000e+01 0.1767
4.017500e+01 0.1718
4.067278e+01 0.1660
4.073611e+01 0.1850
4.083556e+01 0.1509
4.123722e+01 0.1630
4.129556e+01 0.1508
4.151778e+01 0.1677
4.189167e+01 0.1504
4.192333e+01 0.1693
4.211444e+01 0.1682
4.211500e+01 0.1874
4.230056e+01 0.1518
4.242889e+01 0.1501
4.289833e+01 0.1627
4.299389e+01 0.1819
4.299444e+01 0.1590
4.365000e+01 0.1619
4.409111e+01 0.1598
4.440667e+01 0.1501
4.443667e+01 0.1553
4.515611e+01 0.1589
4.516000e+01 0.1973
4.625333e+01 0.1534
4.625444e+01 0.1625
4.632444e+01 0.1693
4.669944e+01 0.1877
4.670000e+01 0.1684
4.701056e+01 0.1678
4.726000e+01 0.1616
4.726444e+01 0.1856
4.729222e+01 0.1613
4.766500e+01 0.1554
4.779500e+01 0.1795
4.779556e+01 0.1759
4.779611e+01 0.1508
4.779722e+01 0.1506
4.788500e+01 0.1586
4.823444e+01 0.1792
4.901833e+01 0.1797
4.936500e+01 0.1549
4.942556e+01 0.1600
4.952167e+01 0.1783
5.021000e+01 0.1507
5.027056e+01 0.1689
5.083389e+01 0.1679
5.087000e+01 0.1578
5.243222e+01 0.1505
5.243444e+01 0.1556
5.243611e+01 0.1677
5.319111e+01 0.1764
5.444611e+01 0.1986
5.469222e+01 0.1554
5.535944e+01 0.1601
5.601556e+01 0.1822
5.620389e+01 0.1800
5.708111e+01 0.1669
5.768056e+01 0.1687
5.870889e+01 0.1841
6.122000e+01 0.1515
6.178778e+01 0.1759
6.275833e+01 0.1644
6.325778e+01 0.1640
6.489611e+01 0.1561
6.498667e+01 0.1922
6.498722e+01 0.1567
6.574278e+01 0.1639
6.601889e+01 0.1543
6.602167e+01 0.1862
6.602333e+01 0.1865
6.733778e+01 0.1742
6.752722e+01 0.1683
6.786833e+01 0.1627
6.786889e+01 0.1564
6.786944e+01 0.1516
6.818444e+01 0.1618
6.818500e+01 0.1527
6.824500e+01 0.1580
6.887778e+01 0.1529
6.893889e+01 0.1686
7.088833e+01 0.1532
7.097778e+01 0.1524
7.097833e+01 0.1877
7.097889e+01 0.1911
7.097944e+01 0.1711
7.098000e+01 0.1764
7.113667e+01 0.1790
7.113722e+01 0.1711
7.135333e+01 0.1639
7.141500e+01 0.1673
7.141722e+01 0.1825
7.141778e+01 0.1524
7.141833e+01 0.1799
7.141889e+01 0.1829
7.164111e+01 0.1503
7.179667e+01 0.1885
7.258111e+01 0.1526
7.264111e+01 0.1513
7.264167e+01 0.1585
7.298500e+01 0.1597
7.333000e+01 0.1693
7.333056e+01 0.1735
7.339444e+01 0.1571
7.339500e+01 0.1638
7.443167e+01 0.1573
7.467944e+01 0.1687
7.486556e+01 0.1709
7.558944e+01 0.1740
7.564944e+01 0.1665
7.854111e+01 0.1519
7.878833e+01 0.1742
7.938389e+01 0.1616
8.032778e+01 0.1681
8.189333e+01 0.1987
8.208500e+01 0.1573
8.208556e+01 0.1596
8.226833e+01 0.1536
8.418333e+01 0.1720
8.484500e+01 0.1650
8.496667e+01 0.1509
8.694944e+01 0.1636
8.826111e+01 0.1550
8.951889e+01 0.1708
9.005000e+01 0.1562
9.005056e+01 0.1752
9.161722e+01 0.1614
9.353278e+01 0.1630
9.563500e+01 0.1634
