1.358333e+00 0.1566
1.450000e+00 0.1685
3.998889e+00 0.1580
4.437222e+00 0.1545
1.002444e+01 0.1823
1.005111e+01 0.1584
1.008222e+01 0.1544
1.008611e+01 0.1979
1.008778e+01 0.1710
1.017889e+01 0.1504
1.018278e+01 0.1534
1.018444e+01 0.1550
1.024056e+01 0.1610
1.056000e+01 0.1553
1.067722e+01 0.1502
1.068444e+01 0.1783
1.080889e+01 0.1743
1.080944e+01 0.1777
1.086722e+01 0.1865
1.087111e+01 0.1520
1.087167e+01 0.1825
1.090444e+01 0.1562
1.090500e+01 0.1699
1.096833e+01 0.1585
1.102611e+01 0.1770
1.102778e+01 0.1608
1.102833e+01 0.1550
1.115056e+01 0.1600
1.115167e+01 0.1600
1.115333e+01 0.1561
1.121278e+01 0.1885
1.121444e+01 0.1616
1.121500e+01 0.1867
1.121667e+01 0.1732
1.124944e+01 0.1590
1.133667e+01 0.1509
1.133889e+01 0.1636
1.137222e+01 0.1770
1.140222e+01 0.1820
1.143500e+01 0.1651
1.161944e+01 0.1728
1.162000e+01 0.1851
1.162056e+01 0.1867
1.162111e+01 0.1519
1.171667e+01 0.1511
1.187611e+01 0.1509
1.187722e+01 0.1564
1.202889e+01 0.1839
1.215444e+01 0.1704
1.215722e+01 0.1879
1.215778e+01 0.1526
1.221667e+01 0.1635
1.222222e+01 0.1611
1.228111e+01 0.1676
1.240889e+01 0.1934
1.243944e+01 0.1860
1.244000e+01 0.1909
1.244056e+01 0.1714
1.244389e+01 0.1559
1.246611e+01 0.1511
1.247167e+01 0.1561
1.259333e+01 0.1599
1.259833e+01 0.1669
1.260111e+01 0.1514
1.275444e+01 0.1686
1.284222e+01 0.1552
1.284278e+01 0.1563
1.288167e+01 0.1562
1.296722e+01 0.1599
1.296778e+01 0.1556
1.312778e+01 0.1719
1.312833e+01 0.1650
1.312944e+01 0.1589
1.313167e+01 0.1546
1.328278e+01 0.1594
1.340778e+01 0.1741
1.341000e+01 0.1904
1.347389e+01 0.1673
1.350556e+01 0.1639
1.350611e+01 0.1856
1.350667e+01 0.1540
1.350722e+01 0.1844
1.350778e+01 0.1786
1.350833e+01 0.1819
1.354167e+01 0.1606
1.356500e+01 0.1638
1.356667e+01 0.1548
1.359556e+01 0.1625
1.359667e+01 0.1595
1.359722e+01 0.1526
1.360000e+01 0.1649
1.360056e+01 0.1716
1.360111e+01 0.1602
1.362722e+01 0.1589
1.381778e+01 0.1713
1.382000e+01 0.1641
1.385056e+01 0.1898
1.387833e+01 0.1573
1.387944e+01 0.1725
1.388111e+01 0.1613
1.388500e+01 0.1676
1.388667e+01 0.1626
1.391111e+01 0.1656
1.394167e+01 0.1675
1.394389e+01 0.1946
1.394556e+01 0.1795
1.394722e+01 0.1879
1.410611e+01 0.1597
1.413278e+01 0.1739
1.413333e+01 0.1627
1.416111e+01 0.1578
1.416611e+01 0.1733
1.419611e+01 0.1642
1.419667e+01 0.1819
1.419722e+01 0.1630
1.419778e+01 0.1729
1.419833e+01 0.1714
1.420000e+01 0.1574
1.428833e+01 0.1880
1.434722e+01 0.1503
1.435167e+01 0.1712
1.441722e+01 0.1635
1.442000e+01 0.1668
1.453556e+01 0.1523
1.453611e+01 0.1563
1.453667e+01 0.1508
1.453833e+01 0.1814
1.453889e+01 0.1614
1.463389e+01 0.1806
1.463444e+01 0.1831
1.472667e+01 0.1802
1.472722e+01 0.1769
1.472778e+01 0.1682
1.472833e+01 0.1630
1.476000e+01 0.1522
1.476056e+01 0.1632
1.485333e+01 0.1641
1.494500e+01 0.1524
1.494722e+01 0.1721
1.498167e+01 0.1703
1.504333e+01 0.1627
1.504444e+01 0.1532
1.504500e+01 0.1881
1.507389e+01 0.1579
1.510389e+01 0.1533
1.513389e+01 0.1690
1.525833e+01 0.1717
1.529333e+01 0.1786
1.529444e+01 0.1646
1.547722e+01 0.1629
1.551444e+01 0.1520
1.554444e+01 0.1528
1.563889e+01 0.1858
1.564111e+01 0.1563
1.569833e+01 0.1632
1.573000e+01 0.1543
1.573056e+01 0.1523
1.573111e+01 0.1508
1.576556e+01 0.1644
1.583056e+01 0.1506
1.588667e+01 0.1508
1.588722e+01 0.1743
1.588778e+01 0.1829
1.588833e+01 0.1839
1.588889e+01 0.1564
1.589111e+01 0.1590
1.589222e+01 0.1590
1.589278e+01 0.1628
1.601611e+01 0.1878
1.601667e+01 0.1528
1.601778e+01 0.1627
1.611278e+01 0.1520
1.611333e+01 0.1619
1.613667e+01 0.1620
1.613833e+01 0.1592
1.629611e+01 0.1666
1.630000e+01 0.1600
1.633000e+01 0.1562
1.633056e+01 0.1619
1.633111e+01 0.1534
1.633167e+01 0.1687
1.635500e+01 0.1539
1.636278e+01 0.1811
1.636333e+01 0.1684
1.645444e+01 0.1534
1.648444e+01 0.1526
1.648500e+01 0.1725
1.648556e+01 0.1507
1.661389e+01 0.1521
1.663889e+01 0.1517
1.670444e+01 0.1732
1.680333e+01 0.1621
1.680389e+01 0.1575
1.701667e+01 0.1524
1.711389e+01 0.1541
1.711667e+01 0.1563
1.720944e+01 0.1534
1.723833e+01 0.1695
1.726667e+01 0.1515
1.727444e+01 0.1503
1.733000e+01 0.1564
1.748778e+01 0.1835
1.755167e+01 0.1617
1.755333e+01 0.1770
1.755444e+01 0.1825
1.764333e+01 0.1733
1.764389e+01 0.1568
1.764444e+01 0.1672
1.764500e+01 0.1815
1.764556e+01 0.1760
1.764611e+01 0.1533
1.764667e+01 0.1768
1.764722e+01 0.1540
1.764889e+01 0.1761
1.768000e+01 0.1714
1.774056e+01 0.1577
1.786722e+01 0.1540
1.786778e+01 0.1708
1.786889e+01 0.1624
1.789611e+01 0.1713
1.789667e+01 0.1560
1.789889e+01 0.2019
1.792500e+01 0.1670
1.792667e+01 0.1543
1.799222e+01 0.1904
1.802389e+01 0.1585
1.805056e+01 0.1602
1.805111e+01 0.1675
1.805333e+01 0.1736
1.805389e+01 0.1899
1.805444e+01 0.1885
1.805500e+01 0.1946
1.805556e+01 0.1667
1.811833e+01 0.1941
1.811889e+01 0.1610
1.827111e+01 0.1627
1.827167e+01 0.1683
1.827667e+01 0.1508
1.834056e+01 0.1627
1.839778e+01 0.1642
1.849111e+01 0.1599
1.849167e+01 0.1822
1.849222e+01 0.1702
1.849333e+01 0.1610
1.851944e+01 0.1572
1.852056e+01 0.1719
1.852222e+01 0.1548
1.852278e+01 0.1779
1.852333e+01 0.1631
1.852389e+01 0.1585
1.852611e+01 0.1531
1.852667e+01 0.1926
1.852722e+01 0.1692
1.858833e+01 0.1604
1.862000e+01 0.1660
1.862056e+01 0.1622
1.868111e+01 0.1551
1.868167e+01 0.1800
1.868222e+01 0.1958
1.868389e+01 0.1694
1.868444e+01 0.1523
1.871056e+01 0.1637
1.874833e+01 0.1636
1.880722e+01 0.1734
1.893056e+01 0.1627
1.902667e+01 0.1608
1.908667e+01 0.1594
1.946833e+01 0.1750
1.950167e+01 0.1531
1.959111e+01 0.1725
1.962056e+01 0.1651
1.968556e+01 0.1603
1.971778e+01 0.1670
1.984056e+01 0.1659
1.984111e+01 0.1665
1.987778e+01 0.1503
1.990222e+01 0.1640
1.990444e+01 0.1654
1.990833e+01 0.1610
1.993722e+01 0.1873
1.993778e+01 0.1732
1.996833e+01 0.1692
1.999944e+01 0.1669
2.000111e+01 0.1863
2.002944e+01 0.1908
2.003000e+01 0.1606
2.003056e+01 0.1610
2.003111e+01 0.1765
2.006056e+01 0.1761
2.021944e+01 0.1556
2.056111e+01 0.1509
2.056222e+01 0.1560
2.056944e+01 0.1525
2.075167e+01 0.1626
2.075389e+01 0.1672
2.087500e+01 0.1615
2.103556e+01 0.1618
2.109500e+01 0.1796
2.115778e+01 0.1610
2.116167e+01 0.1906
2.116556e+01 0.1522
2.122389e+01 0.1534
2.128111e+01 0.1561
2.128500e+01 0.1610
2.128556e+01 0.1684
2.131222e+01 0.1629
2.131278e+01 0.1504
2.131333e+01 0.1554
2.131389e+01 0.1522
2.131444e+01 0.1636
2.131556e+01 0.1506
2.137833e+01 0.1543
2.141278e+01 0.1829
2.143889e+01 0.1605
2.143944e+01 0.1701
2.144000e+01 0.1532
2.144222e+01 0.1814
2.144278e+01 0.1684
2.144333e+01 0.1682
2.144389e+01 0.1533
2.156333e+01 0.1541
2.166167e+01 0.1619
2.172667e+01 0.1744
2.172722e+01 0.1862
2.172778e+01 0.1850
2.173000e+01 0.1541
2.175222e+01 0.1610
2.176000e+01 0.1709
2.176056e+01 0.1542
2.194278e+01 0.1515
2.194444e+01 0.1526
2.194500e+01 0.1777
2.194722e+01 0.1587
2.201111e+01 0.1734
2.206833e+01 0.1753
2.213444e+01 0.1915
2.216611e+01 0.1510
2.222222e+01 0.1505
2.231722e+01 0.1688
2.238611e+01 0.1852
2.250667e+01 0.1511
2.250722e+01 0.1571
2.250778e+01 0.1829
2.253722e+01 0.1589
2.254056e+01 0.1666
2.254278e+01 0.1693
2.254333e+01 0.1778
2.254389e+01 0.1723
2.257333e+01 0.1609
2.263222e+01 0.1545
2.266500e+01 0.1774
2.266833e+01 0.1517
2.278944e+01 0.1556
2.279000e+01 0.1722
2.279111e+01 0.1662
2.279444e+01 0.1602
2.281889e+01 0.1631
2.282500e+01 0.1612
2.285333e+01 0.1774
2.285667e+01 0.1569
2.285722e+01 0.1524
2.304056e+01 0.1619
2.304111e+01 0.1849
2.304167e+01 0.1763
2.304278e+01 0.1600
2.304333e+01 0.1778
2.304444e+01 0.1506
2.307278e+01 0.1832
2.307333e+01 0.1658
2.310611e+01 0.1660
2.310778e+01 0.1514
2.313556e+01 0.1585
2.314000e+01 0.1598
2.329222e+01 0.1601
2.329722e+01 0.1661
2.335667e+01 0.1613
2.335944e+01 0.1684
2.339056e+01 0.1644
2.348000e+01 0.1798
2.357333e+01 0.1829
2.363722e+01 0.1580
2.379833e+01 0.1660
2.379889e+01 0.1546
2.382611e+01 0.1926
2.388667e+01 0.1615
2.388722e+01 0.1503
2.389000e+01 0.1651
2.392333e+01 0.1729
2.401167e+01 0.1715
2.401889e+01 0.1749
2.420000e+01 0.1551
2.420056e+01 0.1537
2.429833e+01 0.1677
2.439278e+01 0.1566
2.439333e+01 0.1807
2.451944e+01 0.1535
2.473611e+01 0.1642
2.479667e+01 0.1629
2.479833e+01 0.1518
2.479944e+01 0.1748
2.480167e+01 0.1527
2.483278e+01 0.1542
2.489389e+01 0.1639
2.489444e+01 0.1526
2.492500e+01 0.1755
2.501722e+01 0.1559
2.517222e+01 0.1692
2.517556e+01 0.1939
2.517611e+01 0.1889
2.517667e+01 0.1826
2.517722e+01 0.1868
2.517778e+01 0.1867
2.533333e+01 0.1665
2.545778e+01 0.1639
2.545889e+01 0.1552
2.548722e+01 0.1581
2.555722e+01 0.1566
2.565000e+01 0.1746
2.570389e+01 0.1565
2.580722e+01 0.1508
2.586389e+01 0.1644
2.589500e+01 0.1716
2.592722e+01 0.1574
2.599056e+01 0.1920
2.611444e+01 0.1549
2.630667e+01 0.1666
2.630722e+01 0.1519
2.661778e+01 0.1802
2.674111e+01 0.1573
2.683611e+01 0.1664
2.683667e+01 0.1903
2.683889e+01 0.1699
2.718444e+01 0.1607
2.718722e+01 0.1579
2.761944e+01 0.1503
2.790556e+01 0.1863
2.790889e+01 0.1562
2.809444e+01 0.1804
2.812222e+01 0.1671
2.850000e+01 0.1618
2.850056e+01 0.1748
2.918833e+01 0.1807
2.978556e+01 0.1728
2.985167e+01 0.1503
3.007333e+01 0.1560
3.009944e+01 0.1606
3.013222e+01 0.1734
3.210778e+01 0.1544
3.264333e+01 0.1516
3.357889e+01 0.1646
3.399111e+01 0.1590
3.424556e+01 0.1657
3.427667e+01 0.1684
3.452611e+01 0.1626
3.474222e+01 0.1782
3.631500e+01 0.1679
3.675000e+01 0.1686
3.718556e+01 0.1598
3.803889e+01 0.1745
3.810389e+01 0.1550
3.828944e+01 0.1678
3.834889e+01 0.1629
3.853944e+01 0.1679
3.854056e+01 0.1518
3.954500e+01 0.1596
3.976500e+01 0.1691
3.991833e+01 0.1544
4.011167e+01 0.1633
4.017000e+01 0.1562
4.067278e+01 0.1595
4.073611e+01 0.1510
4.123722e+01 0.1547
4.192333e+01 0.1540
4.211444e+01 0.1638
4.211500e+01 0.1902
4.289833e+01 0.1812
4.299389e+01 0.1674
4.299444e+01 0.1522
4.383944e+01 0.1611
4.409111e+01 0.1625
4.440667e+01 0.1716
4.500111e+01 0.1637
4.516000e+01 0.1967
4.631611e+01 0.1551
4.647722e+01 0.1501
4.669944e+01 0.1839
4.670000e+01 0.1571
4.726444e+01 0.1648
4.729222e+01 0.1794
4.766500e+01 0.1637
4.779500e+01 0.1943
4.779611e+01 0.1738
4.823444e+01 0.1832
4.901833e+01 0.1562
4.936500e+01 0.1532
4.952167e+01 0.1724
5.152778e+01 0.1728
5.243444e+01 0.1789
5.319111e+01 0.1524
5.444611e+01 0.2017
5.601556e+01 0.1775
5.620444e+01 0.1796
5.708111e+01 0.1593
5.714556e+01 0.1832
5.768056e+01 0.1651
5.924222e+01 0.1631
6.049889e+01 0.1790
6.178778e+01 0.1598
6.275833e+01 0.1593
6.498667e+01 0.1755
6.498722e+01 0.1817
6.514222e+01 0.1735
6.574278e+01 0.1501
6.601889e+01 0.1814
6.602167e+01 0.1996
6.602333e+01 0.1840
6.686500e+01 0.1546
6.733778e+01 0.1824
6.752722e+01 0.1768
6.786833e+01 0.1567
6.786889e+01 0.1603
6.786944e+01 0.1524
6.818500e+01 0.1953
6.824500e+01 0.1523
7.097889e+01 0.1742
7.107000e+01 0.1519
7.113667e+01 0.1621
7.141722e+01 0.1711
7.141944e+01 0.1558
7.164111e+01 0.1596
7.264111e+01 0.1592
7.264167e+01 0.1601
7.292222e+01 0.1539
7.298500e+01 0.1561
7.333056e+01 0.1889
7.386333e+01 0.1514
7.386944e+01 0.1505
7.443167e+01 0.1585
7.483333e+01 0.1698
7.772444e+01 0.1632
7.803667e+01 0.1919
7.878833e+01 0.1873
8.111222e+01 0.1579
8.189333e+01 0.1506
8.484500e+01 0.1687
8.484556e+01 0.1698
8.496667e+01 0.1530
8.613000e+01 0.1716
8.691611e+01 0.1615
8.744611e+01 0.1624
8.775889e+01 0.1731
8.983056e+01 0.1517
9.510444e+01 0.1582
